(kicad_pcb (version 20170123) (host pcbnew "(2017-03-15 revision 3cc90ce)-master")

  (general
    (links 57)
    (no_connects 14)
    (area 88.5425 77.424999 145.5925 118.470238)
    (thickness 1.6)
    (drawings 4)
    (tracks 188)
    (zones 0)
    (modules 26)
    (nets 35)
  )

  (page A4)
  (layers
    (0 F.Cu signal)
    (31 B.Cu signal)
    (32 B.Adhes user)
    (33 F.Adhes user)
    (34 B.Paste user)
    (35 F.Paste user)
    (36 B.SilkS user)
    (37 F.SilkS user)
    (38 B.Mask user)
    (39 F.Mask user)
    (40 Dwgs.User user)
    (41 Cmts.User user)
    (42 Eco1.User user)
    (43 Eco2.User user)
    (44 Edge.Cuts user)
    (45 Margin user)
    (46 B.CrtYd user)
    (47 F.CrtYd user)
    (48 B.Fab user)
    (49 F.Fab user)
  )

  (setup
    (last_trace_width 0.4)
    (user_trace_width 0.2)
    (trace_clearance 0.2)
    (zone_clearance 0.508)
    (zone_45_only no)
    (trace_min 0.2)
    (segment_width 0.2)
    (edge_width 0.15)
    (via_size 0.8)
    (via_drill 0.4)
    (via_min_size 0.4)
    (via_min_drill 0.3)
    (uvia_size 0.3)
    (uvia_drill 0.1)
    (uvias_allowed no)
    (uvia_min_size 0.2)
    (uvia_min_drill 0.1)
    (pcb_text_width 0.3)
    (pcb_text_size 1.5 1.5)
    (mod_edge_width 0.15)
    (mod_text_size 1 1)
    (mod_text_width 0.15)
    (pad_size 1.524 1.524)
    (pad_drill 0.762)
    (pad_to_mask_clearance 0.2)
    (aux_axis_origin 0 0)
    (visible_elements FFFFFF7F)
    (pcbplotparams
      (layerselection 0x00030_ffffffff)
      (usegerberextensions false)
      (excludeedgelayer true)
      (linewidth 0.100000)
      (plotframeref false)
      (viasonmask false)
      (mode 1)
      (useauxorigin false)
      (hpglpennumber 1)
      (hpglpenspeed 20)
      (hpglpendiameter 15)
      (psnegative false)
      (psa4output false)
      (plotreference true)
      (plotvalue true)
      (plotinvisibletext false)
      (padsonsilk false)
      (subtractmaskfromsilk false)
      (outputformat 1)
      (mirror false)
      (drillshape 1)
      (scaleselection 1)
      (outputdirectory ""))
  )

  (net 0 "")
  (net 1 /BAT_3-2)
  (net 2 "Net-(D1-Pad1)")
  (net 3 "Net-(D1-Pad3)")
  (net 4 "Net-(D1-Pad4)")
  (net 5 "Net-(D2-Pad1)")
  (net 6 "Net-(D2-Pad3)")
  (net 7 "Net-(D2-Pad4)")
  (net 8 "Net-(D3-Pad4)")
  (net 9 "Net-(D3-Pad3)")
  (net 10 "Net-(D3-Pad1)")
  (net 11 "Net-(D4-Pad4)")
  (net 12 "Net-(D4-Pad3)")
  (net 13 "Net-(D4-Pad1)")
  (net 14 Earth)
  (net 15 /RST)
  (net 16 /MOSI)
  (net 17 /SCK)
  (net 18 /MISO)
  (net 19 "Net-(C3-Pad1)")
  (net 20 /MMA_INTERFACE)
  (net 21 /LED_B3)
  (net 22 /LED_R4)
  (net 23 /LED_G4)
  (net 24 /LED_B4)
  (net 25 /INT1)
  (net 26 /LED_R1)
  (net 27 /LED_G1)
  (net 28 /LED_B1)
  (net 29 /LED_R2)
  (net 30 /LED_G2)
  (net 31 /LED_B2)
  (net 32 /LED_R3)
  (net 33 /LED_G3)
  (net 34 "Net-(U1-Pad5)")

  (net_class Default "This is the default net class."
    (clearance 0.2)
    (trace_width 0.4)
    (via_dia 0.8)
    (via_drill 0.4)
    (uvia_dia 0.3)
    (uvia_drill 0.1)
    (add_net /BAT_3-2)
    (add_net /INT1)
    (add_net /LED_B1)
    (add_net /LED_B2)
    (add_net /LED_B3)
    (add_net /LED_B4)
    (add_net /LED_G1)
    (add_net /LED_G2)
    (add_net /LED_G3)
    (add_net /LED_G4)
    (add_net /LED_R1)
    (add_net /LED_R2)
    (add_net /LED_R3)
    (add_net /LED_R4)
    (add_net /MISO)
    (add_net /MMA_INTERFACE)
    (add_net /MOSI)
    (add_net /RST)
    (add_net /SCK)
    (add_net Earth)
    (add_net "Net-(C3-Pad1)")
    (add_net "Net-(D1-Pad1)")
    (add_net "Net-(D1-Pad3)")
    (add_net "Net-(D1-Pad4)")
    (add_net "Net-(D2-Pad1)")
    (add_net "Net-(D2-Pad3)")
    (add_net "Net-(D2-Pad4)")
    (add_net "Net-(D3-Pad1)")
    (add_net "Net-(D3-Pad3)")
    (add_net "Net-(D3-Pad4)")
    (add_net "Net-(D4-Pad1)")
    (add_net "Net-(D4-Pad3)")
    (add_net "Net-(D4-Pad4)")
    (add_net "Net-(U1-Pad5)")
  )

  (module workshop-footprints:battery-2032 (layer F.Cu) (tedit 58CF0E3E) (tstamp 58DD982C)
    (at 100 94 90)
    (path /588B7079)
    (fp_text reference BT1 (at -11 7 90) (layer F.SilkS)
      (effects (font (size 1 1) (thickness 0.15)))
    )
    (fp_text value Battery (at 0 -10.5 90) (layer F.Fab)
      (effects (font (size 1 1) (thickness 0.15)))
    )
    (pad 2 smd circle (at 0 0 90) (size 17.78 17.78) (layers F.Cu F.Paste F.Mask)
      (net 14 Earth))
    (pad 1 smd rect (at 10.985 0 90) (size 2.79 5.08) (layers F.Cu F.Paste F.Mask)
      (net 1 /BAT_3-2))
    (pad 1 smd rect (at -10.985 0 90) (size 2.79 5.08) (layers F.Cu F.Paste F.Mask)
      (net 1 /BAT_3-2))
  )

  (module Capacitors_SMD:C_1206 (layer F.Cu) (tedit 5415D7BD) (tstamp 58DD983C)
    (at 111 81 180)
    (descr "Capacitor SMD 1206, reflow soldering, AVX (see smccp.pdf)")
    (tags "capacitor 1206")
    (path /588AB6A9)
    (attr smd)
    (fp_text reference C1 (at 0 -2.3 180) (layer F.SilkS)
      (effects (font (size 1 1) (thickness 0.15)))
    )
    (fp_text value 1uf (at 0 2.3 180) (layer F.Fab)
      (effects (font (size 1 1) (thickness 0.15)))
    )
    (fp_line (start -1.6 0.8) (end -1.6 -0.8) (layer F.Fab) (width 0.1))
    (fp_line (start 1.6 0.8) (end -1.6 0.8) (layer F.Fab) (width 0.1))
    (fp_line (start 1.6 -0.8) (end 1.6 0.8) (layer F.Fab) (width 0.1))
    (fp_line (start -1.6 -0.8) (end 1.6 -0.8) (layer F.Fab) (width 0.1))
    (fp_line (start -2.3 -1.15) (end 2.3 -1.15) (layer F.CrtYd) (width 0.05))
    (fp_line (start -2.3 1.15) (end 2.3 1.15) (layer F.CrtYd) (width 0.05))
    (fp_line (start -2.3 -1.15) (end -2.3 1.15) (layer F.CrtYd) (width 0.05))
    (fp_line (start 2.3 -1.15) (end 2.3 1.15) (layer F.CrtYd) (width 0.05))
    (fp_line (start 1 -1.025) (end -1 -1.025) (layer F.SilkS) (width 0.12))
    (fp_line (start -1 1.025) (end 1 1.025) (layer F.SilkS) (width 0.12))
    (pad 1 smd rect (at -1.5 0 180) (size 1 1.6) (layers F.Cu F.Paste F.Mask)
      (net 1 /BAT_3-2))
    (pad 2 smd rect (at 1.5 0 180) (size 1 1.6) (layers F.Cu F.Paste F.Mask)
      (net 14 Earth))
    (model Capacitors_SMD.3dshapes/C_1206.wrl
      (at (xyz 0 0 0))
      (scale (xyz 1 1 1))
      (rotate (xyz 0 0 0))
    )
  )

  (module Capacitors_SMD:C_1206 (layer F.Cu) (tedit 5415D7BD) (tstamp 58DD984C)
    (at 111.5 106.5)
    (descr "Capacitor SMD 1206, reflow soldering, AVX (see smccp.pdf)")
    (tags "capacitor 1206")
    (path /588ABD49)
    (attr smd)
    (fp_text reference C2 (at 0 -2.3) (layer F.SilkS)
      (effects (font (size 1 1) (thickness 0.15)))
    )
    (fp_text value .1uf (at 0 2.3) (layer F.Fab)
      (effects (font (size 1 1) (thickness 0.15)))
    )
    (fp_line (start -1.6 0.8) (end -1.6 -0.8) (layer F.Fab) (width 0.1))
    (fp_line (start 1.6 0.8) (end -1.6 0.8) (layer F.Fab) (width 0.1))
    (fp_line (start 1.6 -0.8) (end 1.6 0.8) (layer F.Fab) (width 0.1))
    (fp_line (start -1.6 -0.8) (end 1.6 -0.8) (layer F.Fab) (width 0.1))
    (fp_line (start -2.3 -1.15) (end 2.3 -1.15) (layer F.CrtYd) (width 0.05))
    (fp_line (start -2.3 1.15) (end 2.3 1.15) (layer F.CrtYd) (width 0.05))
    (fp_line (start -2.3 -1.15) (end -2.3 1.15) (layer F.CrtYd) (width 0.05))
    (fp_line (start 2.3 -1.15) (end 2.3 1.15) (layer F.CrtYd) (width 0.05))
    (fp_line (start 1 -1.025) (end -1 -1.025) (layer F.SilkS) (width 0.12))
    (fp_line (start -1 1.025) (end 1 1.025) (layer F.SilkS) (width 0.12))
    (pad 1 smd rect (at -1.5 0) (size 1 1.6) (layers F.Cu F.Paste F.Mask)
      (net 14 Earth))
    (pad 2 smd rect (at 1.5 0) (size 1 1.6) (layers F.Cu F.Paste F.Mask)
      (net 1 /BAT_3-2))
    (model Capacitors_SMD.3dshapes/C_1206.wrl
      (at (xyz 0 0 0))
      (scale (xyz 1 1 1))
      (rotate (xyz 0 0 0))
    )
  )

  (module Capacitors_SMD:C_1206 (layer F.Cu) (tedit 5415D7BD) (tstamp 58DD985C)
    (at 111.5 100.5)
    (descr "Capacitor SMD 1206, reflow soldering, AVX (see smccp.pdf)")
    (tags "capacitor 1206")
    (path /588ABE89)
    (attr smd)
    (fp_text reference C3 (at 0 -2.3) (layer F.SilkS)
      (effects (font (size 1 1) (thickness 0.15)))
    )
    (fp_text value .1uf (at 0 2.3) (layer F.Fab)
      (effects (font (size 1 1) (thickness 0.15)))
    )
    (fp_line (start -1 1.025) (end 1 1.025) (layer F.SilkS) (width 0.12))
    (fp_line (start 1 -1.025) (end -1 -1.025) (layer F.SilkS) (width 0.12))
    (fp_line (start 2.3 -1.15) (end 2.3 1.15) (layer F.CrtYd) (width 0.05))
    (fp_line (start -2.3 -1.15) (end -2.3 1.15) (layer F.CrtYd) (width 0.05))
    (fp_line (start -2.3 1.15) (end 2.3 1.15) (layer F.CrtYd) (width 0.05))
    (fp_line (start -2.3 -1.15) (end 2.3 -1.15) (layer F.CrtYd) (width 0.05))
    (fp_line (start -1.6 -0.8) (end 1.6 -0.8) (layer F.Fab) (width 0.1))
    (fp_line (start 1.6 -0.8) (end 1.6 0.8) (layer F.Fab) (width 0.1))
    (fp_line (start 1.6 0.8) (end -1.6 0.8) (layer F.Fab) (width 0.1))
    (fp_line (start -1.6 0.8) (end -1.6 -0.8) (layer F.Fab) (width 0.1))
    (pad 2 smd rect (at 1.5 0) (size 1 1.6) (layers F.Cu F.Paste F.Mask)
      (net 14 Earth))
    (pad 1 smd rect (at -1.5 0) (size 1 1.6) (layers F.Cu F.Paste F.Mask)
      (net 19 "Net-(C3-Pad1)"))
    (model Capacitors_SMD.3dshapes/C_1206.wrl
      (at (xyz 0 0 0))
      (scale (xyz 1 1 1))
      (rotate (xyz 0 0 0))
    )
  )

  (module Capacitors_SMD:C_1206 (layer F.Cu) (tedit 5415D7BD) (tstamp 58DD986C)
    (at 112.5 91.5 180)
    (descr "Capacitor SMD 1206, reflow soldering, AVX (see smccp.pdf)")
    (tags "capacitor 1206")
    (path /588AF821)
    (attr smd)
    (fp_text reference C4 (at 0 -2.3 180) (layer F.SilkS)
      (effects (font (size 1 1) (thickness 0.15)))
    )
    (fp_text value .1uf (at 0 2.3 180) (layer F.Fab)
      (effects (font (size 1 1) (thickness 0.15)))
    )
    (fp_line (start -1 1.025) (end 1 1.025) (layer F.SilkS) (width 0.12))
    (fp_line (start 1 -1.025) (end -1 -1.025) (layer F.SilkS) (width 0.12))
    (fp_line (start 2.3 -1.15) (end 2.3 1.15) (layer F.CrtYd) (width 0.05))
    (fp_line (start -2.3 -1.15) (end -2.3 1.15) (layer F.CrtYd) (width 0.05))
    (fp_line (start -2.3 1.15) (end 2.3 1.15) (layer F.CrtYd) (width 0.05))
    (fp_line (start -2.3 -1.15) (end 2.3 -1.15) (layer F.CrtYd) (width 0.05))
    (fp_line (start -1.6 -0.8) (end 1.6 -0.8) (layer F.Fab) (width 0.1))
    (fp_line (start 1.6 -0.8) (end 1.6 0.8) (layer F.Fab) (width 0.1))
    (fp_line (start 1.6 0.8) (end -1.6 0.8) (layer F.Fab) (width 0.1))
    (fp_line (start -1.6 0.8) (end -1.6 -0.8) (layer F.Fab) (width 0.1))
    (pad 2 smd rect (at 1.5 0 180) (size 1 1.6) (layers F.Cu F.Paste F.Mask)
      (net 14 Earth))
    (pad 1 smd rect (at -1.5 0 180) (size 1 1.6) (layers F.Cu F.Paste F.Mask)
      (net 20 /MMA_INTERFACE))
    (model Capacitors_SMD.3dshapes/C_1206.wrl
      (at (xyz 0 0 0))
      (scale (xyz 1 1 1))
      (rotate (xyz 0 0 0))
    )
  )

  (module workshop-footprints:LED_LUMEXLXT0805 (layer F.Cu) (tedit 58A62FC2) (tstamp 58DD9874)
    (at 115.5 83.5)
    (path /588AA57C)
    (fp_text reference D1 (at 0 2) (layer F.SilkS)
      (effects (font (size 1 1) (thickness 0.15)))
    )
    (fp_text value LED_RGB1 (at 0 -2) (layer F.Fab)
      (effects (font (size 1 1) (thickness 0.15)))
    )
    (pad 2 smd rect (at -0.925 -0.625) (size 1 1) (layers F.Cu F.Paste F.Mask)
      (net 1 /BAT_3-2))
    (pad 1 smd rect (at 0.925 -0.625) (size 1 1) (layers F.Cu F.Paste F.Mask)
      (net 2 "Net-(D1-Pad1)"))
    (pad 3 smd rect (at -0.925 0.625) (size 1 1) (layers F.Cu F.Paste F.Mask)
      (net 3 "Net-(D1-Pad3)"))
    (pad 4 smd rect (at 0.925 0.625) (size 1 1) (layers F.Cu F.Paste F.Mask)
      (net 4 "Net-(D1-Pad4)"))
  )

  (module workshop-footprints:LED_LUMEXLXT0805 (layer F.Cu) (tedit 58A62FC2) (tstamp 58DD987C)
    (at 136.5 84.75 270)
    (path /588AA4D1)
    (fp_text reference D2 (at 0 2 270) (layer F.SilkS)
      (effects (font (size 1 1) (thickness 0.15)))
    )
    (fp_text value LED_RGB2 (at 0 -2 270) (layer F.Fab)
      (effects (font (size 1 1) (thickness 0.15)))
    )
    (pad 2 smd rect (at -0.925 -0.625 270) (size 1 1) (layers F.Cu F.Paste F.Mask)
      (net 1 /BAT_3-2))
    (pad 1 smd rect (at 0.925 -0.625 270) (size 1 1) (layers F.Cu F.Paste F.Mask)
      (net 5 "Net-(D2-Pad1)"))
    (pad 3 smd rect (at -0.925 0.625 270) (size 1 1) (layers F.Cu F.Paste F.Mask)
      (net 6 "Net-(D2-Pad3)"))
    (pad 4 smd rect (at 0.925 0.625 270) (size 1 1) (layers F.Cu F.Paste F.Mask)
      (net 7 "Net-(D2-Pad4)"))
  )

  (module workshop-footprints:LED_LUMEXLXT0805 (layer F.Cu) (tedit 58CF0D96) (tstamp 58DD9884)
    (at 142.5 95 90)
    (path /588AA547)
    (fp_text reference D3 (at 0 2 90) (layer F.SilkS)
      (effects (font (size 1 1) (thickness 0.15)))
    )
    (fp_text value LED_RGB3 (at 0 -2 90) (layer F.Fab)
      (effects (font (size 1 1) (thickness 0.15)))
    )
    (pad 4 smd rect (at 0.925 0.625 90) (size 1 1) (layers F.Cu F.Paste F.Mask)
      (net 8 "Net-(D3-Pad4)"))
    (pad 3 smd rect (at -0.925 0.625 90) (size 1 1) (layers F.Cu F.Paste F.Mask)
      (net 9 "Net-(D3-Pad3)"))
    (pad 1 smd rect (at 0.925 -0.625 90) (size 1 1) (layers F.Cu F.Paste F.Mask)
      (net 10 "Net-(D3-Pad1)"))
    (pad 2 smd rect (at -0.925 -0.625 90) (size 1 1) (layers F.Cu F.Paste F.Mask)
      (net 1 /BAT_3-2))
  )

  (module workshop-footprints:LED_LUMEXLXT0805 (layer F.Cu) (tedit 58A62FC2) (tstamp 58DD988C)
    (at 118.5 111.5)
    (path /588AA5BE)
    (fp_text reference D4 (at 0 2) (layer F.SilkS)
      (effects (font (size 1 1) (thickness 0.15)))
    )
    (fp_text value LED_RGB4 (at 0 -2) (layer F.Fab)
      (effects (font (size 1 1) (thickness 0.15)))
    )
    (pad 4 smd rect (at 0.925 0.625) (size 1 1) (layers F.Cu F.Paste F.Mask)
      (net 11 "Net-(D4-Pad4)"))
    (pad 3 smd rect (at -0.925 0.625) (size 1 1) (layers F.Cu F.Paste F.Mask)
      (net 12 "Net-(D4-Pad3)"))
    (pad 1 smd rect (at 0.925 -0.625) (size 1 1) (layers F.Cu F.Paste F.Mask)
      (net 13 "Net-(D4-Pad1)"))
    (pad 2 smd rect (at -0.925 -0.625) (size 1 1) (layers F.Cu F.Paste F.Mask)
      (net 1 /BAT_3-2))
  )

  (module Housings_SOIC:SOIC-20W_7.5x12.8mm_Pitch1.27mm (layer F.Cu) (tedit 57503549) (tstamp 58DD98B4)
    (at 124 95 270)
    (descr "20-Lead Plastic Small Outline (SO) - Wide, 7.50 mm Body [SOIC] (see Microchip Packaging Specification 00000049BS.pdf)")
    (tags "SOIC 1.27")
    (path /588A8583)
    (attr smd)
    (fp_text reference IC1 (at 0 -7.5 270) (layer F.SilkS)
      (effects (font (size 1 1) (thickness 0.15)))
    )
    (fp_text value ATTINY1634-SU (at 0 7.5 270) (layer F.Fab)
      (effects (font (size 1 1) (thickness 0.15)))
    )
    (fp_line (start -3.875 -6.325) (end -5.675 -6.325) (layer F.SilkS) (width 0.15))
    (fp_line (start -3.875 6.575) (end 3.875 6.575) (layer F.SilkS) (width 0.15))
    (fp_line (start -3.875 -6.575) (end 3.875 -6.575) (layer F.SilkS) (width 0.15))
    (fp_line (start -3.875 6.575) (end -3.875 6.24) (layer F.SilkS) (width 0.15))
    (fp_line (start 3.875 6.575) (end 3.875 6.24) (layer F.SilkS) (width 0.15))
    (fp_line (start 3.875 -6.575) (end 3.875 -6.24) (layer F.SilkS) (width 0.15))
    (fp_line (start -3.875 -6.575) (end -3.875 -6.325) (layer F.SilkS) (width 0.15))
    (fp_line (start -5.95 6.75) (end 5.95 6.75) (layer F.CrtYd) (width 0.05))
    (fp_line (start -5.95 -6.75) (end 5.95 -6.75) (layer F.CrtYd) (width 0.05))
    (fp_line (start 5.95 -6.75) (end 5.95 6.75) (layer F.CrtYd) (width 0.05))
    (fp_line (start -5.95 -6.75) (end -5.95 6.75) (layer F.CrtYd) (width 0.05))
    (fp_line (start -3.75 -5.4) (end -2.75 -6.4) (layer F.Fab) (width 0.15))
    (fp_line (start -3.75 6.4) (end -3.75 -5.4) (layer F.Fab) (width 0.15))
    (fp_line (start 3.75 6.4) (end -3.75 6.4) (layer F.Fab) (width 0.15))
    (fp_line (start 3.75 -6.4) (end 3.75 6.4) (layer F.Fab) (width 0.15))
    (fp_line (start -2.75 -6.4) (end 3.75 -6.4) (layer F.Fab) (width 0.15))
    (pad 20 smd rect (at 4.7 -5.715 270) (size 1.95 0.6) (layers F.Cu F.Paste F.Mask)
      (net 16 /MOSI))
    (pad 19 smd rect (at 4.7 -4.445 270) (size 1.95 0.6) (layers F.Cu F.Paste F.Mask)
      (net 18 /MISO))
    (pad 18 smd rect (at 4.7 -3.175 270) (size 1.95 0.6) (layers F.Cu F.Paste F.Mask)
      (net 21 /LED_B3))
    (pad 17 smd rect (at 4.7 -1.905 270) (size 1.95 0.6) (layers F.Cu F.Paste F.Mask)
      (net 22 /LED_R4))
    (pad 16 smd rect (at 4.7 -0.635 270) (size 1.95 0.6) (layers F.Cu F.Paste F.Mask)
      (net 17 /SCK))
    (pad 15 smd rect (at 4.7 0.635 270) (size 1.95 0.6) (layers F.Cu F.Paste F.Mask)
      (net 23 /LED_G4))
    (pad 14 smd rect (at 4.7 1.905 270) (size 1.95 0.6) (layers F.Cu F.Paste F.Mask)
      (net 15 /RST))
    (pad 13 smd rect (at 4.7 3.175 270) (size 1.95 0.6) (layers F.Cu F.Paste F.Mask)
      (net 24 /LED_B4))
    (pad 12 smd rect (at 4.7 4.445 270) (size 1.95 0.6) (layers F.Cu F.Paste F.Mask)
      (net 20 /MMA_INTERFACE))
    (pad 11 smd rect (at 4.7 5.715 270) (size 1.95 0.6) (layers F.Cu F.Paste F.Mask)
      (net 1 /BAT_3-2))
    (pad 10 smd rect (at -4.7 5.715 270) (size 1.95 0.6) (layers F.Cu F.Paste F.Mask)
      (net 14 Earth))
    (pad 9 smd rect (at -4.7 4.445 270) (size 1.95 0.6) (layers F.Cu F.Paste F.Mask)
      (net 25 /INT1))
    (pad 8 smd rect (at -4.7 3.175 270) (size 1.95 0.6) (layers F.Cu F.Paste F.Mask)
      (net 26 /LED_R1))
    (pad 7 smd rect (at -4.7 1.905 270) (size 1.95 0.6) (layers F.Cu F.Paste F.Mask)
      (net 27 /LED_G1))
    (pad 6 smd rect (at -4.7 0.635 270) (size 1.95 0.6) (layers F.Cu F.Paste F.Mask)
      (net 28 /LED_B1))
    (pad 5 smd rect (at -4.7 -0.635 270) (size 1.95 0.6) (layers F.Cu F.Paste F.Mask)
      (net 29 /LED_R2))
    (pad 4 smd rect (at -4.7 -1.905 270) (size 1.95 0.6) (layers F.Cu F.Paste F.Mask)
      (net 30 /LED_G2))
    (pad 3 smd rect (at -4.7 -3.175 270) (size 1.95 0.6) (layers F.Cu F.Paste F.Mask)
      (net 31 /LED_B2))
    (pad 2 smd rect (at -4.7 -4.445 270) (size 1.95 0.6) (layers F.Cu F.Paste F.Mask)
      (net 32 /LED_R3))
    (pad 1 smd rect (at -4.7 -5.715 270) (size 1.95 0.6) (layers F.Cu F.Paste F.Mask)
      (net 33 /LED_G3))
    (model Housings_SOIC.3dshapes/SOIC-20_7.5x12.8mm_Pitch1.27mm.wrl
      (at (xyz 0 0 0))
      (scale (xyz 1 1 1))
      (rotate (xyz 0 0 0))
    )
  )

  (module Pin_Headers:Pin_Header_Straight_SMT_02x03 (layer F.Cu) (tedit 57CADF83) (tstamp 58DD98DB)
    (at 137.5 109.5 270)
    (descr "SMT pin header")
    (tags "SMT pin header")
    (path /588A8694)
    (attr smd)
    (fp_text reference P1 (at 1.47 6.5 270) (layer F.SilkS)
      (effects (font (size 1 1) (thickness 0.15)))
    )
    (fp_text value PROGRAMMING_HEADER (at 0.1 -6.55 270) (layer F.Fab)
      (effects (font (size 1 1) (thickness 0.15)))
    )
    (fp_line (start 1.27 2.25) (end 1.27 -2.25) (layer F.SilkS) (width 0.15))
    (fp_line (start 1.524 2.5) (end 1.27 2.246) (layer F.SilkS) (width 0.15))
    (fp_line (start 1.27 2.246) (end 1.016 2.5) (layer F.SilkS) (width 0.15))
    (fp_line (start 1.016 2.5) (end 0.889 2.5) (layer F.SilkS) (width 0.15))
    (fp_line (start 1.651 2.5) (end 1.524 2.5) (layer F.SilkS) (width 0.15))
    (fp_line (start -1.016 2.5) (end -1.27 2.246) (layer F.SilkS) (width 0.15))
    (fp_line (start 1.016 -2.5) (end 1.27 -2.246) (layer F.SilkS) (width 0.15))
    (fp_line (start -1.524 2.5) (end -1.651 2.5) (layer F.SilkS) (width 0.15))
    (fp_line (start 1.524 -2.5) (end 1.651 -2.5) (layer F.SilkS) (width 0.15))
    (fp_line (start -1.27 2.246) (end -1.524 2.5) (layer F.SilkS) (width 0.15))
    (fp_line (start 1.27 -2.246) (end 1.524 -2.5) (layer F.SilkS) (width 0.15))
    (fp_line (start -0.889 2.5) (end -1.016 2.5) (layer F.SilkS) (width 0.15))
    (fp_line (start 0.889 -2.5) (end 1.016 -2.5) (layer F.SilkS) (width 0.15))
    (fp_line (start -3.81 -2.5) (end -3.53 -2.5) (layer F.SilkS) (width 0.15))
    (fp_line (start -1.016 -2.5) (end -0.889 -2.5) (layer F.SilkS) (width 0.15))
    (fp_line (start -1.27 -2.246) (end -1.016 -2.5) (layer F.SilkS) (width 0.15))
    (fp_line (start -1.524 -2.5) (end -1.27 -2.246) (layer F.SilkS) (width 0.15))
    (fp_line (start -1.651 -2.5) (end -1.524 -2.5) (layer F.SilkS) (width 0.15))
    (fp_line (start -3.81 -2.5) (end -3.81 2.5) (layer F.SilkS) (width 0.15))
    (fp_line (start -3.81 2.5) (end -3.53 2.5) (layer F.SilkS) (width 0.15))
    (fp_line (start 3.81 2.5) (end 3.53 2.5) (layer F.SilkS) (width 0.15))
    (fp_line (start 3.81 -2.5) (end 3.81 2.5) (layer F.SilkS) (width 0.15))
    (fp_line (start 3.81 -2.5) (end 3.53 -2.5) (layer F.SilkS) (width 0.15))
    (fp_line (start -1.27 2.25) (end -1.27 -2.25) (layer F.SilkS) (width 0.15))
    (fp_line (start -4.35 -5.5) (end -4.35 5.5) (layer F.CrtYd) (width 0.05))
    (fp_line (start 4.35 -5.5) (end -4.35 -5.5) (layer F.CrtYd) (width 0.05))
    (fp_line (start 4.35 5.5) (end 4.35 -5.5) (layer F.CrtYd) (width 0.05))
    (fp_line (start -4.35 5.5) (end 4.35 5.5) (layer F.CrtYd) (width 0.05))
    (fp_line (start -3.5 2.5) (end -3.5 4.925) (layer F.SilkS) (width 0.15))
    (pad 2 smd rect (at -2.54 -3.2 270) (size 1.27 3.6) (layers F.Cu F.Paste F.Mask)
      (net 1 /BAT_3-2))
    (pad 4 smd rect (at 0 -3.2 270) (size 1.27 3.6) (layers F.Cu F.Paste F.Mask)
      (net 16 /MOSI))
    (pad 6 smd rect (at 2.54 -3.2 270) (size 1.27 3.6) (layers F.Cu F.Paste F.Mask)
      (net 14 Earth))
    (pad 5 smd rect (at 2.54 3.2 270) (size 1.27 3.6) (layers F.Cu F.Paste F.Mask)
      (net 15 /RST))
    (pad 3 smd rect (at 0 3.2 270) (size 1.27 3.6) (layers F.Cu F.Paste F.Mask)
      (net 17 /SCK))
    (pad 1 smd rect (at -2.54 3.2 270) (size 1.27 3.6) (layers F.Cu F.Paste F.Mask)
      (net 18 /MISO))
    (model Pin_Headers.3dshapes/Pin_Header_Straight_SMT_02x03.wrl
      (at (xyz 0 0 0))
      (scale (xyz 1 1 1))
      (rotate (xyz 0 0 0))
    )
  )

  (module Resistors_SMD:R_1206 (layer F.Cu) (tedit 58307BE8) (tstamp 58DD98EB)
    (at 114.5 88)
    (descr "Resistor SMD 1206, reflow soldering, Vishay (see dcrcw.pdf)")
    (tags "resistor 1206")
    (path /588AC358)
    (attr smd)
    (fp_text reference R1 (at 0 -2.3) (layer F.SilkS)
      (effects (font (size 1 1) (thickness 0.15)))
    )
    (fp_text value 10k (at 0 2.3) (layer F.Fab)
      (effects (font (size 1 1) (thickness 0.15)))
    )
    (fp_line (start -1.6 0.8) (end -1.6 -0.8) (layer F.Fab) (width 0.1))
    (fp_line (start 1.6 0.8) (end -1.6 0.8) (layer F.Fab) (width 0.1))
    (fp_line (start 1.6 -0.8) (end 1.6 0.8) (layer F.Fab) (width 0.1))
    (fp_line (start -1.6 -0.8) (end 1.6 -0.8) (layer F.Fab) (width 0.1))
    (fp_line (start -2.2 -1.2) (end 2.2 -1.2) (layer F.CrtYd) (width 0.05))
    (fp_line (start -2.2 1.2) (end 2.2 1.2) (layer F.CrtYd) (width 0.05))
    (fp_line (start -2.2 -1.2) (end -2.2 1.2) (layer F.CrtYd) (width 0.05))
    (fp_line (start 2.2 -1.2) (end 2.2 1.2) (layer F.CrtYd) (width 0.05))
    (fp_line (start 1 1.075) (end -1 1.075) (layer F.SilkS) (width 0.15))
    (fp_line (start -1 -1.075) (end 1 -1.075) (layer F.SilkS) (width 0.15))
    (pad 1 smd rect (at -1.45 0) (size 0.9 1.7) (layers F.Cu F.Paste F.Mask)
      (net 1 /BAT_3-2))
    (pad 2 smd rect (at 1.45 0) (size 0.9 1.7) (layers F.Cu F.Paste F.Mask)
      (net 25 /INT1))
    (model Resistors_SMD.3dshapes/R_1206.wrl
      (at (xyz 0 0 0))
      (scale (xyz 1 1 1))
      (rotate (xyz 0 0 0))
    )
  )

  (module Resistors_SMD:R_1206 (layer F.Cu) (tedit 58307BE8) (tstamp 58DD98FB)
    (at 119.5 85 90)
    (descr "Resistor SMD 1206, reflow soldering, Vishay (see dcrcw.pdf)")
    (tags "resistor 1206")
    (path /588AD2E8)
    (attr smd)
    (fp_text reference R2 (at 0 -2 90) (layer F.SilkS)
      (effects (font (size 1 1) (thickness 0.15)))
    )
    (fp_text value R_Small (at 0 2.3 90) (layer F.Fab)
      (effects (font (size 1 1) (thickness 0.15)))
    )
    (fp_line (start -1 -1.075) (end 1 -1.075) (layer F.SilkS) (width 0.15))
    (fp_line (start 1 1.075) (end -1 1.075) (layer F.SilkS) (width 0.15))
    (fp_line (start 2.2 -1.2) (end 2.2 1.2) (layer F.CrtYd) (width 0.05))
    (fp_line (start -2.2 -1.2) (end -2.2 1.2) (layer F.CrtYd) (width 0.05))
    (fp_line (start -2.2 1.2) (end 2.2 1.2) (layer F.CrtYd) (width 0.05))
    (fp_line (start -2.2 -1.2) (end 2.2 -1.2) (layer F.CrtYd) (width 0.05))
    (fp_line (start -1.6 -0.8) (end 1.6 -0.8) (layer F.Fab) (width 0.1))
    (fp_line (start 1.6 -0.8) (end 1.6 0.8) (layer F.Fab) (width 0.1))
    (fp_line (start 1.6 0.8) (end -1.6 0.8) (layer F.Fab) (width 0.1))
    (fp_line (start -1.6 0.8) (end -1.6 -0.8) (layer F.Fab) (width 0.1))
    (pad 2 smd rect (at 1.45 0 90) (size 0.9 1.7) (layers F.Cu F.Paste F.Mask)
      (net 2 "Net-(D1-Pad1)"))
    (pad 1 smd rect (at -1.45 0 90) (size 0.9 1.7) (layers F.Cu F.Paste F.Mask)
      (net 26 /LED_R1))
    (model Resistors_SMD.3dshapes/R_1206.wrl
      (at (xyz 0 0 0))
      (scale (xyz 1 1 1))
      (rotate (xyz 0 0 0))
    )
  )

  (module Resistors_SMD:R_1206 (layer F.Cu) (tedit 58307BE8) (tstamp 58DD990B)
    (at 122 85 90)
    (descr "Resistor SMD 1206, reflow soldering, Vishay (see dcrcw.pdf)")
    (tags "resistor 1206")
    (path /588AD3CE)
    (attr smd)
    (fp_text reference R3 (at 0 -2.3 90) (layer F.SilkS)
      (effects (font (size 1 1) (thickness 0.15)))
    )
    (fp_text value R_Small (at 0 2.3 90) (layer F.Fab)
      (effects (font (size 1 1) (thickness 0.15)))
    )
    (fp_line (start -1.6 0.8) (end -1.6 -0.8) (layer F.Fab) (width 0.1))
    (fp_line (start 1.6 0.8) (end -1.6 0.8) (layer F.Fab) (width 0.1))
    (fp_line (start 1.6 -0.8) (end 1.6 0.8) (layer F.Fab) (width 0.1))
    (fp_line (start -1.6 -0.8) (end 1.6 -0.8) (layer F.Fab) (width 0.1))
    (fp_line (start -2.2 -1.2) (end 2.2 -1.2) (layer F.CrtYd) (width 0.05))
    (fp_line (start -2.2 1.2) (end 2.2 1.2) (layer F.CrtYd) (width 0.05))
    (fp_line (start -2.2 -1.2) (end -2.2 1.2) (layer F.CrtYd) (width 0.05))
    (fp_line (start 2.2 -1.2) (end 2.2 1.2) (layer F.CrtYd) (width 0.05))
    (fp_line (start 1 1.075) (end -1 1.075) (layer F.SilkS) (width 0.15))
    (fp_line (start -1 -1.075) (end 1 -1.075) (layer F.SilkS) (width 0.15))
    (pad 1 smd rect (at -1.45 0 90) (size 0.9 1.7) (layers F.Cu F.Paste F.Mask)
      (net 27 /LED_G1))
    (pad 2 smd rect (at 1.45 0 90) (size 0.9 1.7) (layers F.Cu F.Paste F.Mask)
      (net 4 "Net-(D1-Pad4)"))
    (model Resistors_SMD.3dshapes/R_1206.wrl
      (at (xyz 0 0 0))
      (scale (xyz 1 1 1))
      (rotate (xyz 0 0 0))
    )
  )

  (module Resistors_SMD:R_1206 (layer F.Cu) (tedit 58307BE8) (tstamp 58DD991B)
    (at 124.5 85 90)
    (descr "Resistor SMD 1206, reflow soldering, Vishay (see dcrcw.pdf)")
    (tags "resistor 1206")
    (path /588AD49C)
    (attr smd)
    (fp_text reference R4 (at 0 -2.3 90) (layer F.SilkS)
      (effects (font (size 1 1) (thickness 0.15)))
    )
    (fp_text value R_Small (at 0 2.3 90) (layer F.Fab)
      (effects (font (size 1 1) (thickness 0.15)))
    )
    (fp_line (start -1 -1.075) (end 1 -1.075) (layer F.SilkS) (width 0.15))
    (fp_line (start 1 1.075) (end -1 1.075) (layer F.SilkS) (width 0.15))
    (fp_line (start 2.2 -1.2) (end 2.2 1.2) (layer F.CrtYd) (width 0.05))
    (fp_line (start -2.2 -1.2) (end -2.2 1.2) (layer F.CrtYd) (width 0.05))
    (fp_line (start -2.2 1.2) (end 2.2 1.2) (layer F.CrtYd) (width 0.05))
    (fp_line (start -2.2 -1.2) (end 2.2 -1.2) (layer F.CrtYd) (width 0.05))
    (fp_line (start -1.6 -0.8) (end 1.6 -0.8) (layer F.Fab) (width 0.1))
    (fp_line (start 1.6 -0.8) (end 1.6 0.8) (layer F.Fab) (width 0.1))
    (fp_line (start 1.6 0.8) (end -1.6 0.8) (layer F.Fab) (width 0.1))
    (fp_line (start -1.6 0.8) (end -1.6 -0.8) (layer F.Fab) (width 0.1))
    (pad 2 smd rect (at 1.45 0 90) (size 0.9 1.7) (layers F.Cu F.Paste F.Mask)
      (net 3 "Net-(D1-Pad3)"))
    (pad 1 smd rect (at -1.45 0 90) (size 0.9 1.7) (layers F.Cu F.Paste F.Mask)
      (net 28 /LED_B1))
    (model Resistors_SMD.3dshapes/R_1206.wrl
      (at (xyz 0 0 0))
      (scale (xyz 1 1 1))
      (rotate (xyz 0 0 0))
    )
  )

  (module Resistors_SMD:R_1206 (layer F.Cu) (tedit 58307BE8) (tstamp 58DD992B)
    (at 127 85 90)
    (descr "Resistor SMD 1206, reflow soldering, Vishay (see dcrcw.pdf)")
    (tags "resistor 1206")
    (path /588AD849)
    (attr smd)
    (fp_text reference R5 (at 0 -2.3 90) (layer F.SilkS)
      (effects (font (size 1 1) (thickness 0.15)))
    )
    (fp_text value R_Small (at 0 2.3 90) (layer F.Fab)
      (effects (font (size 1 1) (thickness 0.15)))
    )
    (fp_line (start -1.6 0.8) (end -1.6 -0.8) (layer F.Fab) (width 0.1))
    (fp_line (start 1.6 0.8) (end -1.6 0.8) (layer F.Fab) (width 0.1))
    (fp_line (start 1.6 -0.8) (end 1.6 0.8) (layer F.Fab) (width 0.1))
    (fp_line (start -1.6 -0.8) (end 1.6 -0.8) (layer F.Fab) (width 0.1))
    (fp_line (start -2.2 -1.2) (end 2.2 -1.2) (layer F.CrtYd) (width 0.05))
    (fp_line (start -2.2 1.2) (end 2.2 1.2) (layer F.CrtYd) (width 0.05))
    (fp_line (start -2.2 -1.2) (end -2.2 1.2) (layer F.CrtYd) (width 0.05))
    (fp_line (start 2.2 -1.2) (end 2.2 1.2) (layer F.CrtYd) (width 0.05))
    (fp_line (start 1 1.075) (end -1 1.075) (layer F.SilkS) (width 0.15))
    (fp_line (start -1 -1.075) (end 1 -1.075) (layer F.SilkS) (width 0.15))
    (pad 1 smd rect (at -1.45 0 90) (size 0.9 1.7) (layers F.Cu F.Paste F.Mask)
      (net 29 /LED_R2))
    (pad 2 smd rect (at 1.45 0 90) (size 0.9 1.7) (layers F.Cu F.Paste F.Mask)
      (net 5 "Net-(D2-Pad1)"))
    (model Resistors_SMD.3dshapes/R_1206.wrl
      (at (xyz 0 0 0))
      (scale (xyz 1 1 1))
      (rotate (xyz 0 0 0))
    )
  )

  (module Resistors_SMD:R_1206 (layer F.Cu) (tedit 58307BE8) (tstamp 58DD993B)
    (at 129.5 85 90)
    (descr "Resistor SMD 1206, reflow soldering, Vishay (see dcrcw.pdf)")
    (tags "resistor 1206")
    (path /588AD8A2)
    (attr smd)
    (fp_text reference R6 (at 0 -2.5 90) (layer F.SilkS)
      (effects (font (size 1 1) (thickness 0.15)))
    )
    (fp_text value R_Small (at 0 2.3 90) (layer F.Fab)
      (effects (font (size 1 1) (thickness 0.15)))
    )
    (fp_line (start -1 -1.075) (end 1 -1.075) (layer F.SilkS) (width 0.15))
    (fp_line (start 1 1.075) (end -1 1.075) (layer F.SilkS) (width 0.15))
    (fp_line (start 2.2 -1.2) (end 2.2 1.2) (layer F.CrtYd) (width 0.05))
    (fp_line (start -2.2 -1.2) (end -2.2 1.2) (layer F.CrtYd) (width 0.05))
    (fp_line (start -2.2 1.2) (end 2.2 1.2) (layer F.CrtYd) (width 0.05))
    (fp_line (start -2.2 -1.2) (end 2.2 -1.2) (layer F.CrtYd) (width 0.05))
    (fp_line (start -1.6 -0.8) (end 1.6 -0.8) (layer F.Fab) (width 0.1))
    (fp_line (start 1.6 -0.8) (end 1.6 0.8) (layer F.Fab) (width 0.1))
    (fp_line (start 1.6 0.8) (end -1.6 0.8) (layer F.Fab) (width 0.1))
    (fp_line (start -1.6 0.8) (end -1.6 -0.8) (layer F.Fab) (width 0.1))
    (pad 2 smd rect (at 1.45 0 90) (size 0.9 1.7) (layers F.Cu F.Paste F.Mask)
      (net 7 "Net-(D2-Pad4)"))
    (pad 1 smd rect (at -1.45 0 90) (size 0.9 1.7) (layers F.Cu F.Paste F.Mask)
      (net 30 /LED_G2))
    (model Resistors_SMD.3dshapes/R_1206.wrl
      (at (xyz 0 0 0))
      (scale (xyz 1 1 1))
      (rotate (xyz 0 0 0))
    )
  )

  (module Resistors_SMD:R_1206 (layer F.Cu) (tedit 58307BE8) (tstamp 58DD994B)
    (at 132 85 90)
    (descr "Resistor SMD 1206, reflow soldering, Vishay (see dcrcw.pdf)")
    (tags "resistor 1206")
    (path /588AD8F6)
    (attr smd)
    (fp_text reference R7 (at 0 -2.3 90) (layer F.SilkS)
      (effects (font (size 1 1) (thickness 0.15)))
    )
    (fp_text value R_Small (at 0 2.3 90) (layer F.Fab)
      (effects (font (size 1 1) (thickness 0.15)))
    )
    (fp_line (start -1.6 0.8) (end -1.6 -0.8) (layer F.Fab) (width 0.1))
    (fp_line (start 1.6 0.8) (end -1.6 0.8) (layer F.Fab) (width 0.1))
    (fp_line (start 1.6 -0.8) (end 1.6 0.8) (layer F.Fab) (width 0.1))
    (fp_line (start -1.6 -0.8) (end 1.6 -0.8) (layer F.Fab) (width 0.1))
    (fp_line (start -2.2 -1.2) (end 2.2 -1.2) (layer F.CrtYd) (width 0.05))
    (fp_line (start -2.2 1.2) (end 2.2 1.2) (layer F.CrtYd) (width 0.05))
    (fp_line (start -2.2 -1.2) (end -2.2 1.2) (layer F.CrtYd) (width 0.05))
    (fp_line (start 2.2 -1.2) (end 2.2 1.2) (layer F.CrtYd) (width 0.05))
    (fp_line (start 1 1.075) (end -1 1.075) (layer F.SilkS) (width 0.15))
    (fp_line (start -1 -1.075) (end 1 -1.075) (layer F.SilkS) (width 0.15))
    (pad 1 smd rect (at -1.45 0 90) (size 0.9 1.7) (layers F.Cu F.Paste F.Mask)
      (net 31 /LED_B2))
    (pad 2 smd rect (at 1.45 0 90) (size 0.9 1.7) (layers F.Cu F.Paste F.Mask)
      (net 6 "Net-(D2-Pad3)"))
    (model Resistors_SMD.3dshapes/R_1206.wrl
      (at (xyz 0 0 0))
      (scale (xyz 1 1 1))
      (rotate (xyz 0 0 0))
    )
  )

  (module Resistors_SMD:R_1206 (layer F.Cu) (tedit 58307BE8) (tstamp 58DD995B)
    (at 137.25 92.5 180)
    (descr "Resistor SMD 1206, reflow soldering, Vishay (see dcrcw.pdf)")
    (tags "resistor 1206")
    (path /588AD546)
    (attr smd)
    (fp_text reference R8 (at 0 -2.3 180) (layer F.SilkS)
      (effects (font (size 1 1) (thickness 0.15)))
    )
    (fp_text value R_Small (at 0 2.3 180) (layer F.Fab)
      (effects (font (size 1 1) (thickness 0.15)))
    )
    (fp_line (start -1 -1.075) (end 1 -1.075) (layer F.SilkS) (width 0.15))
    (fp_line (start 1 1.075) (end -1 1.075) (layer F.SilkS) (width 0.15))
    (fp_line (start 2.2 -1.2) (end 2.2 1.2) (layer F.CrtYd) (width 0.05))
    (fp_line (start -2.2 -1.2) (end -2.2 1.2) (layer F.CrtYd) (width 0.05))
    (fp_line (start -2.2 1.2) (end 2.2 1.2) (layer F.CrtYd) (width 0.05))
    (fp_line (start -2.2 -1.2) (end 2.2 -1.2) (layer F.CrtYd) (width 0.05))
    (fp_line (start -1.6 -0.8) (end 1.6 -0.8) (layer F.Fab) (width 0.1))
    (fp_line (start 1.6 -0.8) (end 1.6 0.8) (layer F.Fab) (width 0.1))
    (fp_line (start 1.6 0.8) (end -1.6 0.8) (layer F.Fab) (width 0.1))
    (fp_line (start -1.6 0.8) (end -1.6 -0.8) (layer F.Fab) (width 0.1))
    (pad 2 smd rect (at 1.45 0 180) (size 0.9 1.7) (layers F.Cu F.Paste F.Mask)
      (net 32 /LED_R3))
    (pad 1 smd rect (at -1.45 0 180) (size 0.9 1.7) (layers F.Cu F.Paste F.Mask)
      (net 10 "Net-(D3-Pad1)"))
    (model Resistors_SMD.3dshapes/R_1206.wrl
      (at (xyz 0 0 0))
      (scale (xyz 1 1 1))
      (rotate (xyz 0 0 0))
    )
  )

  (module Resistors_SMD:R_1206 (layer F.Cu) (tedit 58307BE8) (tstamp 58DD996B)
    (at 137.25 95 180)
    (descr "Resistor SMD 1206, reflow soldering, Vishay (see dcrcw.pdf)")
    (tags "resistor 1206")
    (path /588AD77E)
    (attr smd)
    (fp_text reference R9 (at 0 -2.3 180) (layer F.SilkS)
      (effects (font (size 1 1) (thickness 0.15)))
    )
    (fp_text value R_Small (at 0 2.3 180) (layer F.Fab)
      (effects (font (size 1 1) (thickness 0.15)))
    )
    (fp_line (start -1.6 0.8) (end -1.6 -0.8) (layer F.Fab) (width 0.1))
    (fp_line (start 1.6 0.8) (end -1.6 0.8) (layer F.Fab) (width 0.1))
    (fp_line (start 1.6 -0.8) (end 1.6 0.8) (layer F.Fab) (width 0.1))
    (fp_line (start -1.6 -0.8) (end 1.6 -0.8) (layer F.Fab) (width 0.1))
    (fp_line (start -2.2 -1.2) (end 2.2 -1.2) (layer F.CrtYd) (width 0.05))
    (fp_line (start -2.2 1.2) (end 2.2 1.2) (layer F.CrtYd) (width 0.05))
    (fp_line (start -2.2 -1.2) (end -2.2 1.2) (layer F.CrtYd) (width 0.05))
    (fp_line (start 2.2 -1.2) (end 2.2 1.2) (layer F.CrtYd) (width 0.05))
    (fp_line (start 1 1.075) (end -1 1.075) (layer F.SilkS) (width 0.15))
    (fp_line (start -1 -1.075) (end 1 -1.075) (layer F.SilkS) (width 0.15))
    (pad 1 smd rect (at -1.45 0 180) (size 0.9 1.7) (layers F.Cu F.Paste F.Mask)
      (net 8 "Net-(D3-Pad4)"))
    (pad 2 smd rect (at 1.45 0 180) (size 0.9 1.7) (layers F.Cu F.Paste F.Mask)
      (net 33 /LED_G3))
    (model Resistors_SMD.3dshapes/R_1206.wrl
      (at (xyz 0 0 0))
      (scale (xyz 1 1 1))
      (rotate (xyz 0 0 0))
    )
  )

  (module Resistors_SMD:R_1206 (layer F.Cu) (tedit 58307BE8) (tstamp 58DD997B)
    (at 137.2 98.5 180)
    (descr "Resistor SMD 1206, reflow soldering, Vishay (see dcrcw.pdf)")
    (tags "resistor 1206")
    (path /588AD7C9)
    (attr smd)
    (fp_text reference R10 (at 0 -2.3 180) (layer F.SilkS)
      (effects (font (size 1 1) (thickness 0.15)))
    )
    (fp_text value R_Small (at 0 2.3 180) (layer F.Fab)
      (effects (font (size 1 1) (thickness 0.15)))
    )
    (fp_line (start -1 -1.075) (end 1 -1.075) (layer F.SilkS) (width 0.15))
    (fp_line (start 1 1.075) (end -1 1.075) (layer F.SilkS) (width 0.15))
    (fp_line (start 2.2 -1.2) (end 2.2 1.2) (layer F.CrtYd) (width 0.05))
    (fp_line (start -2.2 -1.2) (end -2.2 1.2) (layer F.CrtYd) (width 0.05))
    (fp_line (start -2.2 1.2) (end 2.2 1.2) (layer F.CrtYd) (width 0.05))
    (fp_line (start -2.2 -1.2) (end 2.2 -1.2) (layer F.CrtYd) (width 0.05))
    (fp_line (start -1.6 -0.8) (end 1.6 -0.8) (layer F.Fab) (width 0.1))
    (fp_line (start 1.6 -0.8) (end 1.6 0.8) (layer F.Fab) (width 0.1))
    (fp_line (start 1.6 0.8) (end -1.6 0.8) (layer F.Fab) (width 0.1))
    (fp_line (start -1.6 0.8) (end -1.6 -0.8) (layer F.Fab) (width 0.1))
    (pad 2 smd rect (at 1.45 0 180) (size 0.9 1.7) (layers F.Cu F.Paste F.Mask)
      (net 21 /LED_B3))
    (pad 1 smd rect (at -1.45 0 180) (size 0.9 1.7) (layers F.Cu F.Paste F.Mask)
      (net 9 "Net-(D3-Pad3)"))
    (model Resistors_SMD.3dshapes/R_1206.wrl
      (at (xyz 0 0 0))
      (scale (xyz 1 1 1))
      (rotate (xyz 0 0 0))
    )
  )

  (module Resistors_SMD:R_1206 (layer F.Cu) (tedit 58307BE8) (tstamp 58DD998B)
    (at 126.5 106.5 90)
    (descr "Resistor SMD 1206, reflow soldering, Vishay (see dcrcw.pdf)")
    (tags "resistor 1206")
    (path /588AD951)
    (attr smd)
    (fp_text reference R11 (at 0 -2.3 90) (layer F.SilkS)
      (effects (font (size 1 1) (thickness 0.15)))
    )
    (fp_text value R_Small (at 0 2.3 90) (layer F.Fab)
      (effects (font (size 1 1) (thickness 0.15)))
    )
    (fp_line (start -1 -1.075) (end 1 -1.075) (layer F.SilkS) (width 0.15))
    (fp_line (start 1 1.075) (end -1 1.075) (layer F.SilkS) (width 0.15))
    (fp_line (start 2.2 -1.2) (end 2.2 1.2) (layer F.CrtYd) (width 0.05))
    (fp_line (start -2.2 -1.2) (end -2.2 1.2) (layer F.CrtYd) (width 0.05))
    (fp_line (start -2.2 1.2) (end 2.2 1.2) (layer F.CrtYd) (width 0.05))
    (fp_line (start -2.2 -1.2) (end 2.2 -1.2) (layer F.CrtYd) (width 0.05))
    (fp_line (start -1.6 -0.8) (end 1.6 -0.8) (layer F.Fab) (width 0.1))
    (fp_line (start 1.6 -0.8) (end 1.6 0.8) (layer F.Fab) (width 0.1))
    (fp_line (start 1.6 0.8) (end -1.6 0.8) (layer F.Fab) (width 0.1))
    (fp_line (start -1.6 0.8) (end -1.6 -0.8) (layer F.Fab) (width 0.1))
    (pad 2 smd rect (at 1.45 0 90) (size 0.9 1.7) (layers F.Cu F.Paste F.Mask)
      (net 22 /LED_R4))
    (pad 1 smd rect (at -1.45 0 90) (size 0.9 1.7) (layers F.Cu F.Paste F.Mask)
      (net 13 "Net-(D4-Pad1)"))
    (model Resistors_SMD.3dshapes/R_1206.wrl
      (at (xyz 0 0 0))
      (scale (xyz 1 1 1))
      (rotate (xyz 0 0 0))
    )
  )

  (module Resistors_SMD:R_1206 (layer F.Cu) (tedit 58307BE8) (tstamp 58DD999B)
    (at 122.5 106.5 90)
    (descr "Resistor SMD 1206, reflow soldering, Vishay (see dcrcw.pdf)")
    (tags "resistor 1206")
    (path /588AF49C)
    (attr smd)
    (fp_text reference R12 (at 0 -2.3 90) (layer F.SilkS)
      (effects (font (size 1 1) (thickness 0.15)))
    )
    (fp_text value R_Small (at 0 2.3 90) (layer F.Fab)
      (effects (font (size 1 1) (thickness 0.15)))
    )
    (fp_line (start -1.6 0.8) (end -1.6 -0.8) (layer F.Fab) (width 0.1))
    (fp_line (start 1.6 0.8) (end -1.6 0.8) (layer F.Fab) (width 0.1))
    (fp_line (start 1.6 -0.8) (end 1.6 0.8) (layer F.Fab) (width 0.1))
    (fp_line (start -1.6 -0.8) (end 1.6 -0.8) (layer F.Fab) (width 0.1))
    (fp_line (start -2.2 -1.2) (end 2.2 -1.2) (layer F.CrtYd) (width 0.05))
    (fp_line (start -2.2 1.2) (end 2.2 1.2) (layer F.CrtYd) (width 0.05))
    (fp_line (start -2.2 -1.2) (end -2.2 1.2) (layer F.CrtYd) (width 0.05))
    (fp_line (start 2.2 -1.2) (end 2.2 1.2) (layer F.CrtYd) (width 0.05))
    (fp_line (start 1 1.075) (end -1 1.075) (layer F.SilkS) (width 0.15))
    (fp_line (start -1 -1.075) (end 1 -1.075) (layer F.SilkS) (width 0.15))
    (pad 1 smd rect (at -1.45 0 90) (size 0.9 1.7) (layers F.Cu F.Paste F.Mask)
      (net 11 "Net-(D4-Pad4)"))
    (pad 2 smd rect (at 1.45 0 90) (size 0.9 1.7) (layers F.Cu F.Paste F.Mask)
      (net 23 /LED_G4))
